<?xml version="1.0"?>
<opencv_storage>
<M1 type_id="opencv-matrix">
  <rows>3</rows>
  <cols>3</cols>
  <dt>d</dt>
  <data>
    1524.7924 0. 513.6635
    0. 1520.7398 510.7119
    0. 0. 1.
  </data></M1>
<D1 type_id="opencv-matrix">
  <rows>4</rows>
  <cols>1</cols>
  <dt>d</dt>
  <data>
    -0.37007 3.8669 -0.0059939 -0.0067694
  </data></D1>
<M2 type_id="opencv-matrix">
  <rows>3</rows>
  <cols>3</cols>
  <dt>d</dt>
  <data>
    1753.4643 0. 462.9286
    0. 1754.2784 547.9737
    0. 0. 1.
  </data></M2>
<D2 type_id="opencv-matrix">
  <rows>4</rows>
  <cols>1</cols>
  <dt>d</dt>
  <data>
    -0.1522 -0.080817 0.0016377 0.000406
  </data></D2>
</opencv_storage>
