<?xml version="1.0"?>
<opencv_storage>
<P1 type_id="opencv-matrix">
  <rows>3</rows>
  <cols>4</cols>
  <dt>d</dt>
  <data>
    1. 0. 0. 0. 
    0. 1. 0. 0.
    0. 0. 1. 0.
  </data></P1>
<P2 type_id="opencv-matrix">
  <rows>3</rows>
  <cols>4</cols>
  <dt>d</dt>
  <data>
    0.9115577     0.0106206    -0.4110349      387.0444
    -0.0148528     0.9998645  -0.007104093     -8.567951
    0.4109037    0.01258081     0.9115919      93.23174
  </data></P2>
</opencv_storage>
