<?xml version="1.0"?>
<opencv_storage>
<P1 type_id="opencv-matrix">
  <rows>3</rows>
  <cols>4</cols>
  <dt>d</dt>
  <data>
    1. 0. 0. 0. 
    0. 1. 0. 0.
    0. 0. 1. 0.
  </data></P1>
<P2 type_id="opencv-matrix">
  <rows>3</rows>
  <cols>4</cols>
  <dt>d</dt>
  <data>
    0.9192065   0.009021233    -0.3936724      397.3336
    -0.008762075     0.9999586   0.002455603     -6.887381
    0.3936783   0.001192181     0.9192475      50.82444
  </data></P2>
</opencv_storage>
