<?xml version="1.0"?>
<opencv_storage>
<M1 type_id="opencv-matrix">
  <rows>3</rows>
  <cols>3</cols>
  <dt>d</dt>
  <data>
    1553.3629 0. 635.4549
    0. 1552.596 633.8917
    0. 0. 1.
  </data></M1>
<D1 type_id="opencv-matrix">
  <rows>4</rows>
  <cols>1</cols>
  <dt>d</dt>
  <data>
    -0.15766 0.60347 -0.00036455 -0.0023328
  </data></D1>
<M2 type_id="opencv-matrix">
  <rows>3</rows>
  <cols>3</cols>
  <dt>d</dt>
  <data>
    1500.1025 0. 623.503
    0. 1499.4241 635.5672
    0. 0. 1.
  </data></M2>
<D2 type_id="opencv-matrix">
  <rows>4</rows>
  <cols>1</cols>
  <dt>d</dt>
  <data>
    -0.12791 0.012685 -0.0021363 0.0024244
  </data></D2>
</opencv_storage>
