<?xml version="1.0"?>
<opencv_storage>
<M1 type_id="opencv-matrix">
  <rows>3</rows>
  <cols>3</cols>
  <dt>d</dt>
  <data>
    1530.7093 0. 629.4407
    0. 1533.1463 635.6724
    0. 0. 1.
  </data></M1>
<D1 type_id="opencv-matrix">
  <rows>4</rows>
  <cols>1</cols>
  <dt>d</dt>
  <data>
    -0.12067 0.2591 -0.00021528 0.0020218
  </data></D1>
<M2 type_id="opencv-matrix">
  <rows>3</rows>
  <cols>3</cols>
  <dt>d</dt>
  <data>
    1541.8061 0. 654.0401
    0. 1544.4544 654.6824
    0. 0. 1.
  </data></M2>
<D2 type_id="opencv-matrix">
  <rows>4</rows>
  <cols>1</cols>
  <dt>d</dt>
  <data>
    -0.14813 0.44847 0.001843 0.0003736
  </data></D2>
</opencv_storage>
