<?xml version="1.0"?>
<opencv_storage>
<R type_id="opencv-matrix">
  <rows>3</rows>
  <cols>3</cols>
  <dt>d</dt>
  <data>
    9.9975845086186643e-001 5.2938877535321626e-003
    -2.1331073173516322e-002 -4.9129100006685064e-003
    9.9982819093502417e-001 1.7873218146771282e-002
    2.1422027112442860e-002 -1.7764103243613088e-002
    9.9961269169130895e-001</data></R>
<T type_id="opencv-matrix">
  <rows>3</rows>
  <cols>1</cols>
  <dt>d</dt>
  <data>
    -3.3385294520916253e+000 4.8752214572719346e-002
    -1.0621615653756855e-001</data></T>
<R1 type_id="opencv-matrix">
  <rows>3</rows>
  <cols>3</cols>
  <dt>d</dt>
  <data>
    9.9989926260991691e-001 -9.8656305182213133e-003
    1.0204605167390485e-002 9.7747164524670648e-003
    9.9991243189973111e-001 8.9209557021315260e-003
    -1.0291722422328635e-002 -8.8203099063164248e-003
    9.9990813707197035e-001</data></R1>
<R2 type_id="opencv-matrix">
  <rows>3</rows>
  <cols>3</cols>
  <dt>d</dt>
  <data>
    9.9938783508469964e-001 -1.4593961466144374e-002
    3.1795776031447252e-002 1.4875485997109854e-002
    9.9985206176487773e-001 -8.6356528921069844e-003
    -3.1665043834914405e-002 9.1033440695087557e-003
    9.9945707968160646e-001</data></R2>
<P1 type_id="opencv-matrix">
  <rows>3</rows>
  <cols>4</cols>
  <dt>d</dt>
  <data>
    4.2656306370820062e+002 0. 3.2185712814331055e+002 0. 0.
    4.2656306370820062e+002 2.4122907257080078e+002 0. 0. 0. 1. 0.</data></P1>
<P2 type_id="opencv-matrix">
  <rows>3</rows>
  <cols>4</cols>
  <dt>d</dt>
  <data>
    4.2656306370820062e+002 0. 3.2185712814331055e+002
    -1.4249656653500992e+003 0. 4.2656306370820062e+002
    2.4122907257080078e+002 0. 0. 0. 1. 0.</data></P2>
<Q type_id="opencv-matrix">
  <rows>4</rows>
  <cols>4</cols>
  <dt>d</dt>
  <data>
    1. 0. 0. -3.2185712814331055e+002 0. 1. 0. -2.4122907257080078e+002
    0. 0. 0. 4.2656306370820062e+002 0. 0. 2.9934971352688594e-001 0.</data></Q>
</opencv_storage>
